(title "Pressure Coefficient")
(labels "Position" "Pressure Coefficient")

((xy/key/label "wing_down_wall")
0.22344	-0.0548637
0.22321	-0.044168
0.222945	-0.0438683
0.222617	-0.0427182
0.222206	-0.0446481
0.221699	-0.0470509
0.221106	-0.0515217
0.220491	-0.0565717
0.219869	-0.0622877
0.219244	-0.0678157
0.218617	-0.0732667
0.217978	-0.0786494
0.217336	-0.0832043
0.2167	-0.0875398
0.216069	-0.0920217
0.215443	-0.0965322
0.214816	-0.101512
0.214176	-0.107037
0.213527	-0.113131
0.212879	-0.119507
0.212242	-0.125939
0.211612	-0.132259
0.210986	-0.138327
0.210342	-0.14414
0.209685	-0.149507
0.209023	-0.154355
0.208366	-0.158769
0.207723	-0.162847
0.207092	-0.166777
0.206456	-0.170837
0.205802	-0.175285
0.205136	-0.180171
0.204469	-0.185409
0.203811	-0.190836
0.203169	-0.19627
0.202542	-0.201644
0.201897	-0.207171
0.201234	-0.212769
0.200561	-0.21829
0.19989	-0.223653
0.19923	-0.228806
0.198586	-0.233715
0.197951	-0.238465
0.197294	-0.243315
0.196623	-0.248202
0.195946	-0.253055
0.195273	-0.257822
0.194614	-0.262448
0.19397	-0.266914
0.193329	-0.271334
0.192668	-0.275891
0.191993	-0.280523
0.191316	-0.285176
0.190645	-0.289804
0.189989	-0.294366
0.189347	-0.298859
0.188703	-0.303409
0.188039	-0.308135
0.187366	-0.312956
0.186691	-0.317806
0.186024	-0.322618
0.185372	-0.327336
0.184732	-0.331969
0.18409	-0.336621
0.183429	-0.34142
0.182759	-0.346292
0.182088	-0.35117
0.181425	-0.355985
0.180777	-0.360689
0.180138	-0.365312
0.179499	-0.369917
0.178843	-0.374647
0.178179	-0.379423
0.177513	-0.384189
0.176854	-0.388881
0.176209	-0.393447
0.175571	-0.397939
0.174938	-0.40236
0.174293	-0.406829
0.173636	-0.411339
0.172977	-0.415821
0.172323	-0.420211
0.17168	-0.424457
0.171042	-0.428611
0.170406	-0.432679
0.169771	-0.436664
0.169126	-0.440623
0.168475	-0.444522
0.167826	-0.448294
0.167185	-0.451886
0.166546	-0.455349
0.165907	-0.45872
0.165265	-0.46202
0.164626	-0.465228
0.163986	-0.468384
0.163338	-0.47153
0.162688	-0.474653
0.162039	-0.477743
0.161395	-0.480791
0.160755	-0.483813
0.160118	-0.486823
0.159481	-0.489848
0.158843	-0.492901
0.158191	-0.496067
0.157527	-0.499363
0.156852	-0.5028
0.156171	-0.506384
0.155488	-0.510094
0.154807	-0.51389
0.154134	-0.517729
0.153471	-0.521563
0.152813	-0.525407
0.152142	-0.529363
0.151448	-0.533481
0.15073	-0.537756
0.150007	-0.542055
0.149282	-0.546349
0.148554	-0.550642
0.147828	-0.554883
0.147107	-0.559029
0.146382	-0.563115
0.14565	-0.567134
0.14491	-0.571059
0.144162	-0.574886
0.143393	-0.578696
0.142597	-0.58256
0.141773	-0.586501
0.140965	-0.590304
0.140183	-0.593941
0.139395	-0.597606
0.138602	-0.601318
0.137801	-0.605091
0.136995	-0.608955
0.136183	-0.612931
0.135356	-0.617107
0.134512	-0.62156
0.133669	-0.626208
0.132831	-0.631038
0.131991	-0.636044
0.131146	-0.641206
0.130295	-0.646485
0.129439	-0.651846
0.128578	-0.657257
0.127711	-0.662683
0.126832	-0.668122
0.125937	-0.67357
0.125037	-0.678892
0.124153	-0.683885
0.123267	-0.6886
0.122377	-0.692998
0.121485	-0.697085
0.120589	-0.70093
0.119692	-0.704596
0.118796	-0.708128
0.117901	-0.711577
0.117004	-0.715002
0.116102	-0.718463
0.115199	-0.721998
0.114295	-0.72566
0.113391	-0.729515
0.112486	-0.733648
0.111581	-0.738131
0.110683	-0.742948
0.109777	-0.748114
0.108854	-0.75365
0.107924	-0.759435
0.107017	-0.765266
0.106115	-0.770719
0.105214	-0.776504
0.104315	-0.782477
0.103417	-0.788043
0.102521	-0.793606
0.101624	-0.79887
0.100716	-0.803917
0.0998034	-0.808632
0.0989149	-0.812883
0.0980337	-0.816853
0.0971562	-0.820645
0.0962827	-0.824304
0.0954134	-0.827881
0.0945486	-0.831421
0.0936846	-0.83498
0.092814	-0.838649
0.0919341	-0.842496
0.0910821	-0.846374
0.0902452	-0.850407
0.0894137	-0.854707
0.0885879	-0.859288
0.0877677	-0.864126
0.0869533	-0.869181
0.0861448	-0.874414
0.0853421	-0.879793
0.0845328	-0.885401
0.0837142	-0.89125
0.0829075	-0.897153
0.0821182	-0.903049
0.0813468	-0.908916
0.0805845	-0.914809
0.0798289	-0.920732
0.07908	-0.926665
0.0783379	-0.932591
0.0776029	-0.938495
0.076872	-0.944403
0.0761356	-0.950407
0.0753893	-0.956568
0.0746343	-0.962889
0.0738947	-0.969149
0.0731686	-0.975378
0.0724482	-0.981662
0.0717356	-0.987981
0.0710325	-0.994321
0.0703407	-1.00067
0.0696617	-1.007
0.0689962	-1.01332
0.0683408	-1.01964
0.0676927	-1.02598
0.067045	-1.03242
0.0663921	-1.03901
0.0657336	-1.04581
0.065071	-1.05283
0.0644056	-1.06009
0.0637387	-1.06764
0.0630719	-1.07549
0.0624065	-1.08368
0.0617438	-1.09223
0.061085	-1.10118
0.0604289	-1.1106
0.0597747	-1.12055
0.0591212	-1.13114
0.0584683	-1.14244
0.0578161	-1.15456
0.0571647	-1.16764
0.0565143	-1.18184
0.055865	-1.19737
0.0552167	-1.21431
0.0545688	-1.23257
0.0539208	-1.25196
0.0532727	-1.27233
0.0526246	-1.2935
0.0519764	-1.31533
0.0513281	-1.33769
0.0506797	-1.36043
0.0500312	-1.38343
0.0493826	-1.40652
0.0487339	-1.42954
0.0480851	-1.45231
0.0474363	-1.47461
0.0467874	-1.49618
0.0461383	-1.51672
0.0454891	-1.53581
0.0448397	-1.55298
0.0441902	-1.56798
0.0435404	-1.58099
0.0428904	-1.5925
0.0422399	-1.60303
0.041589	-1.61314
0.0409374	-1.62348
0.0402849	-1.63476
0.0396314	-1.64725
0.0389771	-1.66043
0.0383263	-1.67319
0.0376788	-1.6843
0.0370289	-1.69284
0.0363742	-1.69738
0.035713	-1.69594
0.0350484	-1.68825
0.0343844	-1.67579
0.0337248	-1.6605
0.0330738	-1.64442
0.0324324	-1.62937
0.0317907	-1.61716
0.0311508	-1.60938
0.0305111	-1.60624
0.0298692	-1.6067
0.0292212	-1.60881
0.0285692	-1.61095
0.0279183	-1.61154
0.027274	-1.60851
0.0266394	-1.60055
0.026002	-1.58736
0.0253684	-1.57004
0.0247348	-1.55003
0.0240977	-1.52858
0.0234569	-1.50687
0.0228214	-1.48639
0.0221974	-1.46829
0.0215731	-1.45263
0.0209404	-1.43904
0.0203009	-1.42718
0.0196595	-1.41614
0.0190295	-1.40366
0.0184149	-1.38611
0.0177935	-1.36009
0.0171655	-1.32792
0.0165348	-1.29766
0.0159131	-1.28066
0.0153032	-1.28198
0.0146921	-1.29208
0.0140734	-1.28811
0.0134567	-1.24905
0.0128556	-1.18503
0.0122586	-1.14453
0.0116549	-1.15151
0.0110491	-1.17736
0.0104426	-1.18671
0.00984832	-1.16265
0.00925973	-1.11728
0.00867047	-1.07989
0.00807654	-1.07488
0.00748567	-1.10145
0.00689364	-1.13084
0.00630436	-1.14345
0.00571974	-1.16092
0.00514074	-1.21431
0.00456005	-1.30746
0.0039798	-1.42416
0.00341134	-1.54689
0.00286561	-1.63994
0.00235152	-1.63156
0.00188797	-1.47649
0.00147316	-1.23345
0.00110069	-1.00062
0.000761609	-0.779677
0.000480478	-0.498671
0.000286527	-0.150796
0.000159554	0.165243
7.04751e-05	0.387314
0	0.579929
)

((xy/key/label "wing_te_wall")
0.22344	-0.0548637
0.22344	-0.0585599
0.22344	-0.0529565
0.22344	-0.0466941
0.22344	-0.0409176
0.22344	-0.0391216
0.22344	-0.0804259
0.22344	-0.0477006
)

((xy/key/label "wing_up_wall")
0.22344	-0.0477006
0.223203	0.0307527
0.222931	0.0450928
0.222596	0.068673
0.222175	0.0821328
0.221667	0.100045
0.22108	0.114917
0.220463	0.128296
0.219825	0.139642
0.219181	0.150069
0.218527	0.15997
0.217862	0.169624
0.217193	0.178783
0.216528	0.187322
0.215871	0.19516
0.215223	0.20227
0.214581	0.208676
0.213938	0.214456
0.213285	0.219791
0.212617	0.224787
0.211933	0.229503
0.211242	0.233931
0.210548	0.238091
0.209855	0.242016
0.209167	0.245709
0.208488	0.249161
0.207819	0.252359
0.207163	0.255308
0.206513	0.258031
0.205854	0.260603
0.205178	0.263053
0.204494	0.26535
0.203808	0.267482
0.203119	0.269474
0.202429	0.271336
0.201741	0.273075
0.201057	0.274699
0.200381	0.27621
0.199713	0.277606
0.199055	0.278888
0.198405	0.28006
0.197756	0.281134
0.197107	0.282118
0.196456	0.283011
0.195806	0.283809
0.195156	0.284511
0.194506	0.285119
0.193853	0.285637
0.193196	0.286062
0.192537	0.286392
0.191875	0.286625
0.19121	0.286761
0.190541	0.286803
0.189869	0.286732
0.189194	0.286553
0.188515	0.286272
0.187833	0.285877
0.187149	0.285368
0.186461	0.284742
0.18577	0.283994
0.185076	0.283121
0.18438	0.282117
0.183682	0.280977
0.182981	0.279693
0.182279	0.278259
0.181575	0.276667
0.18087	0.274907
0.180164	0.272967
0.179457	0.270832
0.17875	0.26849
0.178031	0.265902
0.177299	0.263065
0.176568	0.260055
0.175841	0.256897
0.175118	0.25361
0.174401	0.250212
0.173688	0.246721
0.172981	0.243149
0.172279	0.239512
0.171584	0.235825
0.170894	0.232102
0.170211	0.228359
0.169534	0.224611
0.168864	0.220874
0.1682	0.217165
0.167543	0.213499
0.166892	0.209883
0.166244	0.206295
0.165595	0.202725
0.164946	0.199177
0.164297	0.195653
0.163648	0.192159
0.162999	0.1887
0.162351	0.185281
0.161702	0.181909
0.161052	0.178589
0.160401	0.175321
0.159748	0.172118
0.159093	0.168989
0.158436	0.16595
0.157778	0.163018
0.157118	0.160214
0.156457	0.157556
0.155795	0.155052
0.155133	0.152689
0.154469	0.150452
0.153805	0.148324
0.15314	0.146294
0.152475	0.144349
0.15181	0.142478
0.151145	0.140671
0.15048	0.138918
0.149815	0.137208
0.14915	0.135529
0.148486	0.133871
0.147822	0.13222
0.147159	0.130565
0.146497	0.128887
0.145836	0.127171
0.145177	0.125401
0.144518	0.123575
0.143861	0.121706
0.143205	0.11981
0.14255	0.1179
0.141898	0.115986
0.141247	0.114079
0.140597	0.112185
0.139945	0.110306
0.139292	0.10845
0.138636	0.10663
0.137979	0.104854
0.137321	0.103136
0.136661	0.101488
0.136	0.0999249
0.135339	0.0984635
0.134676	0.0971241
0.134013	0.0959242
0.133349	0.0948658
0.132685	0.0939347
0.13202	0.0931121
0.131356	0.0923821
0.130691	0.0917316
0.130026	0.0911486
0.129362	0.0906218
0.128698	0.0901407
0.128035	0.0896948
0.127372	0.0892735
0.126709	0.0888661
0.126047	0.0884617
0.125386	0.0880484
0.124726	0.0876131
0.124067	0.087141
0.123408	0.0866153
0.122751	0.0860231
0.122094	0.0853642
0.121439	0.08465
0.120785	0.0838933
0.120132	0.0831044
0.11948	0.0822916
0.11883	0.0814623
0.11818	0.0806218
0.11753	0.0797752
0.116881	0.0789284
0.116231	0.0780868
0.115581	0.0772556
0.114932	0.0764404
0.114282	0.0756469
0.113633	0.0748811
0.112983	0.0741502
0.112333	0.0734619
0.111684	0.072823
0.111034	0.0722355
0.110384	0.0716961
0.109735	0.0712009
0.109085	0.0707467
0.108435	0.0703315
0.107786	0.0699535
0.107136	0.0696115
0.106486	0.0693046
0.105837	0.0690319
0.105187	0.0687932
0.104537	0.0685881
0.103887	0.0684168
0.103238	0.0682794
0.102588	0.0681769
0.101938	0.0681097
0.101289	0.0680782
0.100639	0.0680862
0.0999893	0.0681323
0.0993396	0.0682106
0.0986899	0.0683172
0.0980403	0.0684477
0.0973906	0.0685981
0.0967409	0.0687646
0.0960912	0.0689438
0.0954415	0.0691321
0.0947919	0.0693259
0.0941422	0.0695214
0.0934925	0.0697147
0.0928429	0.0699018
0.0921932	0.0700779
0.0915435	0.0702376
0.0908939	0.0703749
0.0902442	0.0704813
0.0895946	0.0705503
0.0889449	0.0705799
0.0882952	0.0705718
0.0876456	0.070535
0.0869959	0.0704785
0.0863463	0.070407
0.0856966	0.070326
0.0850469	0.0702401
0.0843968	0.0701534
0.083746	0.0700701
0.0830943	0.0699941
0.0824418	0.0699292
0.0817885	0.0698801
0.0811343	0.0698502
0.0804794	0.0698443
0.0798237	0.06987
0.0791674	0.0699302
0.0785105	0.0700349
0.077853	0.0701959
0.077195	0.0704883
0.0765366	0.070724
0.0758777	0.070943
0.0752185	0.0712606
0.074559	0.0715887
0.0738993	0.0719788
0.0732394	0.0723928
0.0725793	0.0728388
0.0719188	0.0733156
0.071258	0.0738227
0.0705971	0.0743594
0.0699362	0.0749257
0.0692754	0.0755211
0.0686148	0.076146
0.0679547	0.0768005
0.0672951	0.0774852
0.0666362	0.0782003
0.0659781	0.0789445
0.0653211	0.0797162
0.0646652	0.0805139
0.0640107	0.0813365
0.0633576	0.082183
0.0627062	0.0830528
0.0620564	0.0839456
0.0614055	0.084865
0.0607529	0.0858122
0.0600989	0.0867882
0.0594435	0.0877944
0.0587872	0.0888332
0.0581299	0.0899082
0.0574721	0.0910247
0.056814	0.0921907
0.0561557	0.0934142
0.0554975	0.0946942
0.0548397	0.0960134
0.0541825	0.0973453
0.0535262	0.0986632
0.052871	0.0999427
0.0522172	0.101161
0.051565	0.102296
0.0509146	0.103326
0.0502654	0.104226
0.0496162	0.104973
0.0489669	0.105529
0.0483176	0.105872
0.0476677	0.105948
0.0470167	0.105681
0.046363	0.105025
0.0457066	0.103873
0.0450477	0.102103
0.0443866	0.0996964
0.0437235	0.0967903
0.0430585	0.0936495
0.0423919	0.0905637
0.041724	0.0878572
0.041055	0.08583
0.0403855	0.0848023
0.0397157	0.0849851
0.0390462	0.0861328
0.0383774	0.0878642
0.0377098	0.0898764
0.0370439	0.0918391
0.03638	0.0934212
0.0357185	0.0944112
0.0350599	0.0947876
0.0344046	0.0946695
0.0337529	0.0943522
0.0331035	0.0940332
0.0324523	0.0938678
0.0317994	0.0941058
0.0311451	0.0948543
0.0304898	0.0961494
0.0298338	0.097973
0.0291776	0.100247
0.0285218	0.102922
0.027867	0.105968
0.0272143	0.109358
0.0265652	0.113039
0.0259178	0.116907
0.02527	0.120805
0.024618	0.12456
0.0239615	0.127953
0.0233019	0.130726
0.0226407	0.13264
0.0219795	0.133838
0.02132	0.135177
0.0206641	0.137978
0.0200139	0.143088
0.0193668	0.150203
0.0187165	0.157659
0.0180645	0.163432
0.0174123	0.166722
0.0167619	0.167989
0.0161151	0.168332
0.0154701	0.169104
0.0148252	0.172332
0.0141774	0.181222
0.0135276	0.19687
0.012877	0.215298
0.0122267	0.22548
0.0115774	0.222911
0.0109313	0.215208
0.0102821	0.212626
0.00963181	0.220221
0.00898292	0.231446
0.00833682	0.235746
0.00769493	0.229396
0.00705262	0.212232
0.00640724	0.183771
0.00575772	0.134486
0.00511104	0.0905496
0.0044871	0.124701
0.00390399	0.250404
0.00335872	0.394417
0.00282549	0.51115
0.00231779	0.615545
0.00184228	0.723581
0.00141841	0.830092
0.00105682	0.913607
0.000757893	0.964972
0.000501487	0.981947
0.000271996	0.951477
0.00011755	0.877077
4.00335e-05	0.756157
0	0.579929
)
