(title "Pressure Coefficient")
(labels "Position" "Pressure Coefficient")

((xy/key/label "wing_down_wall")
0.22344	-0.454803
0.223209	-0.439122
0.22294	-0.440396
0.222604	-0.442767
0.222182	-0.447083
0.221664	-0.451549
0.221066	-0.457057
0.220448	-0.462209
0.219822	-0.467234
0.219197	-0.471797
0.218564	-0.475882
0.217922	-0.479536
0.21728	-0.482453
0.216647	-0.484793
0.216016	-0.486813
0.215388	-0.488434
0.214755	-0.489839
0.214108	-0.491097
0.213457	-0.492252
0.212811	-0.493289
0.212178	-0.494196
0.211552	-0.494989
0.210922	-0.495676
0.210272	-0.496258
0.209611	-0.496714
0.208948	-0.49704
0.208294	-0.497268
0.207656	-0.497437
0.207027	-0.49758
0.206381	-0.497731
0.205719	-0.497913
0.20505	-0.498146
0.204384	-0.498434
0.203728	-0.498767
0.20309	-0.499129
0.202455	-0.499517
0.2018	-0.499944
0.201129	-0.500397
0.200455	-0.500865
0.199786	-0.501341
0.19913	-0.501819
0.19849	-0.502303
0.197842	-0.502812
0.197175	-0.503364
0.196498	-0.503954
0.19582	-0.504579
0.195151	-0.505231
0.194497	-0.505907
0.193856	-0.506609
0.193201	-0.50737
0.19253	-0.5082
0.191851	-0.509089
0.191174	-0.510024
0.190509	-0.510984
0.189859	-0.511954
0.189216	-0.512935
0.188557	-0.513964
0.187884	-0.515028
0.187207	-0.516105
0.186533	-0.517181
0.185872	-0.518239
0.185226	-0.51928
0.184586	-0.520324
0.183931	-0.521415
0.183262	-0.522557
0.182588	-0.52374
0.181919	-0.52495
0.181262	-0.52617
0.18062	-0.527396
0.179982	-0.528648
0.179329	-0.529977
0.178664	-0.531383
0.177995	-0.532852
0.17733	-0.534372
0.176678	-0.535918
0.176039	-0.537489
0.175402	-0.539111
0.174762	-0.540804
0.174107	-0.542603
0.173445	-0.544493
0.172786	-0.546453
0.172137	-0.54846
0.171499	-0.550507
0.170862	-0.552639
0.170225	-0.554851
0.169583	-0.55717
0.168931	-0.559621
0.168278	-0.562179
0.16763	-0.564822
0.166992	-0.56753
0.166351	-0.570361
0.165708	-0.573322
0.165066	-0.576396
0.164426	-0.579582
0.163779	-0.582938
0.163128	-0.586451
0.162478	-0.590103
0.161832	-0.59388
0.161193	-0.597766
0.160555	-0.601804
0.159916	-0.606009
0.159278	-0.610377
0.158628	-0.615005
0.157964	-0.619932
0.15729	-0.625132
0.15661	-0.630605
0.155927	-0.636328
0.155245	-0.642272
0.15457	-0.64841
0.153905	-0.654701
0.15325	-0.66112
0.152582	-0.667943
0.151892	-0.675262
0.151176	-0.683174
0.150445	-0.691589
0.149718	-0.700257
0.14899	-0.70928
0.148263	-0.718637
0.147542	-0.728245
0.14682	-0.738201
0.14609	-0.748603
0.145353	-0.759445
0.144603	-0.770792
0.143838	-0.782729
0.143045	-0.795488
0.142248	-0.808701
0.141468	-0.821947
0.140689	-0.83555
0.139903	-0.849635
0.139111	-0.864194
0.138312	-0.879242
0.137508	-0.894795
0.136696	-0.910866
0.135876	-0.927509
0.135031	-0.945119
0.134176	-0.963426
0.133329	-0.982014
0.132488	-1.00096
0.131643	-1.02044
0.130793	-1.04049
0.129938	-1.0611
0.129077	-1.08222
0.128211	-1.10383
0.127334	-1.12603
0.126441	-1.14898
0.125529	-1.17272
0.124633	-1.19618
0.123746	-1.21951
0.122856	-1.24303
0.121962	-1.26663
0.121066	-1.29031
0.120167	-1.31407
0.119268	-1.33789
0.118364	-1.36197
0.11746	-1.38614
0.116555	-1.41047
0.11565	-1.43506
0.114744	-1.45992
0.113837	-1.48513
0.11293	-1.51077
0.112023	-1.53694
0.111119	-1.56357
0.110212	-1.59093
0.109292	-1.61936
0.108382	-1.64786
0.107476	-1.67671
0.106572	-1.70584
0.105668	-1.73503
0.104765	-1.76465
0.103864	-1.79435
0.102965	-1.82393
0.102068	-1.85339
0.101158	-1.88302
0.100233	-1.91283
0.0993273	-1.94147
0.0984419	-1.96905
0.0975601	-1.99626
0.0966822	-2.0231
0.0958084	-2.04963
0.094939	-2.0759
0.094071	-2.10206
0.0931945	-2.12853
0.0923054	-2.15556
0.0914328	-2.18222
0.0905897	-2.2082
0.0897535	-2.23441
0.0889229	-2.26094
0.088098	-2.28777
0.0872789	-2.31482
0.0864656	-2.34201
0.0856539	-2.3694
0.0848376	-2.39721
0.0840085	-2.42574
0.0831985	-2.45371
0.0824132	-2.48091
0.0816388	-2.50785
0.0808717	-2.53458
0.0801114	-2.56107
0.0793577	-2.58728
0.0786109	-2.61315
0.077871	-2.63862
0.0771369	-2.6637
0.0763954	-2.68887
0.0756413	-2.71432
0.0748754	-2.74005
0.0741219	-2.76515
0.0733909	-2.78928
0.0726679	-2.81303
0.0719535	-2.83633
0.0712495	-2.85912
0.0705575	-2.88135
0.069879	-2.90297
0.0692154	-2.92392
0.0685608	-2.94437
0.0679105	-2.96446
0.0672567	-2.9844
0.066596	-3.00428
0.0659305	-3.02404
0.065262	-3.04371
0.0645914	-3.06331
0.0639202	-3.08287
0.0632498	-3.10242
0.0625816	-3.122
0.0619169	-3.14162
0.0612571	-3.16132
0.0606016	-3.18121
0.0599487	-3.20143
0.0592974	-3.22215
0.058647	-3.24356
0.057997	-3.26588
0.0573473	-3.2894
0.0566976	-3.31454
0.0560478	-3.34182
0.0553981	-3.37155
0.0547483	-3.40353
0.0540985	-3.43719
0.0534486	-3.47201
0.0527987	-3.50754
0.0521486	-3.54338
0.0514985	-3.57915
0.0508483	-3.61446
0.050198	-3.6489
0.0495476	-3.68206
0.0488969	-3.71354
0.0482461	-3.74292
0.0475951	-3.76971
0.046944	-3.79338
0.0462928	-3.81329
0.0456415	-3.82847
0.0449901	-3.83797
0.0443386	-3.84093
0.0436868	-3.83722
0.0430347	-3.82834
0.0423821	-3.81567
0.0417289	-3.80024
0.0410749	-3.78353
0.0404198	-3.76721
0.0397634	-3.7523
0.0391057	-3.73805
0.0384507	-3.72239
0.0378007	-3.70306
0.037152	-3.67788
0.0365012	-3.64416
0.0358422	-3.59811
0.0351775	-3.53824
0.0345109	-3.46716
0.0338462	-3.38968
0.0331875	-3.31045
0.0325391	-3.23339
0.0318967	-3.1616
0.0312538	-3.0979
0.0306126	-3.04351
0.0299727	-2.99588
0.0293277	-2.95098
0.0286766	-2.90587
0.0280237	-2.85822
0.0273744	-2.80537
0.0267343	-2.74496
0.0260977	-2.67606
0.0254603	-2.60053
0.0248247	-2.52153
0.0241883	-2.44097
0.0235469	-2.3603
0.0229059	-2.28216
0.0222768	-2.20945
0.0216514	-2.1417
0.0210196	-2.07743
0.020382	-2.01602
0.019738	-1.95634
0.0191014	-1.89668
0.0184828	-1.8328
0.0178621	-1.75808
0.0172359	-1.67402
0.0166042	-1.5916
0.0159763	-1.52642
0.0153631	-1.48697
0.0147515	-1.4628
0.0141332	-1.42473
0.0135153	-1.34292
0.0129082	-1.22991
0.012311	-1.14106
0.0117056	-1.10642
0.0110985	-1.0998
0.0104892	-1.07706
0.00989162	-1.01811
0.00930122	-0.932888
0.00871145	-0.852281
0.00811575	-0.803807
0.00752178	-0.788871
0.00692786	-0.777632
0.00633667	-0.744975
0.00574997	-0.703694
0.00516825	-0.688541
0.00458502	-0.70694
0.00400121	-0.741218
0.00342916	-0.768714
0.0028816	-0.756901
0.00236483	-0.661291
0.00189797	-0.461828
0.0014818	-0.212228
0.00110751	0.0195485
0.000766926	0.233358
0.000483488	0.458182
0.000287842	0.677371
0.000160157	0.844578
7.06891e-05	0.947181
0	1.00044
)

((xy/key/label "wing_te_wall")
0.22344	-0.454803
0.22344	-0.469684
0.22344	-0.470644
0.22344	-0.473053
0.22344	-0.480012
0.22344	-0.473583
0.22344	-0.525023
0.22344	-0.462672
)

((xy/key/label "wing_up_wall")
0.22344	-0.462672
0.223205	-0.335929
0.222934	-0.312463
0.2226	-0.274834
0.222182	-0.251718
0.221678	-0.221621
0.221095	-0.195721
0.22048	-0.172196
0.219843	-0.151892
0.219196	-0.133182
0.218539	-0.11549
0.217874	-0.0984638
0.217208	-0.0824673
0.216548	-0.0676507
0.215898	-0.0541097
0.215256	-0.0418114
0.214616	-0.0306122
0.213971	-0.0203641
0.213312	-0.0108241
0.212639	-0.00186184
0.211953	0.00659159
0.211261	0.0145257
0.210568	0.021979
0.209878	0.0290019
0.209195	0.0356056
0.208521	0.0417815
0.20786	0.0475121
0.20721	0.0528183
0.206557	0.057833
0.205889	0.0626492
0.205205	0.0672669
0.204514	0.0716201
0.203825	0.0756757
0.203134	0.0794908
0.202444	0.083081
0.201758	0.0864559
0.201078	0.0896295
0.200405	0.0926059
0.199744	0.0953822
0.199091	0.0979681
0.198442	0.100389
0.197794	0.10266
0.197145	0.10479
0.196495	0.106775
0.195846	0.108611
0.195196	0.110309
0.194542	0.111875
0.193886	0.113305
0.193228	0.114595
0.192567	0.115746
0.191904	0.116759
0.191238	0.117632
0.190568	0.118362
0.189895	0.118945
0.189219	0.11938
0.18854	0.119665
0.187858	0.119802
0.187173	0.119781
0.186484	0.119595
0.185793	0.119249
0.185099	0.118736
0.184403	0.118049
0.183704	0.117182
0.183002	0.116129
0.182299	0.114881
0.181595	0.113429
0.180888	0.11176
0.180181	0.109859
0.179473	0.107709
0.178764	0.105294
0.178055	0.102616
0.177347	0.0996964
0.176639	0.09656
0.175926	0.0931993
0.175199	0.0895807
0.174471	0.085789
0.173748	0.0818686
0.17303	0.0778364
0.172318	0.0737141
0.171613	0.0695194
0.170913	0.0652723
0.17022	0.0609915
0.169533	0.0566967
0.168853	0.0524101
0.16818	0.0481538
0.167513	0.0439471
0.166853	0.0398
0.1662	0.0357152
0.165551	0.03168
0.164903	0.027668
0.164255	0.0236838
0.163606	0.0197334
0.162958	0.0158217
0.162309	0.0119557
0.161661	0.00814287
0.161012	0.00439211
0.160364	0.000713166
0.159715	-0.00288264
0.159067	-0.00638291
0.158417	-0.00978037
0.157765	-0.0130578
0.157111	-0.01619
0.156455	-0.0191534
0.155799	-0.0219402
0.15514	-0.0245634
0.154481	-0.0270437
0.153821	-0.029399
0.153159	-0.0316443
0.152498	-0.0337934
0.151835	-0.0358592
0.151172	-0.0378545
0.150509	-0.039792
0.149845	-0.0416844
0.149182	-0.0435447
0.148519	-0.0453865
0.147855	-0.0472241
0.147193	-0.0490738
0.14653	-0.0509539
0.145868	-0.0528863
0.145208	-0.0548898
0.144547	-0.0569677
0.143888	-0.0591053
0.14323	-0.0612835
0.142574	-0.063486
0.141918	-0.0656993
0.141264	-0.0679111
0.140612	-0.0701102
0.139961	-0.0722852
0.139312	-0.0744262
0.138661	-0.0765329
0.138008	-0.0785943
0.137353	-0.0805964
0.136697	-0.0825244
0.13604	-0.0843613
0.135381	-0.086087
0.134721	-0.0876772
0.134059	-0.0891095
0.133398	-0.0903793
0.132735	-0.0915025
0.132072	-0.0925015
0.131408	-0.0933952
0.130744	-0.0941993
0.13008	-0.094928
0.129416	-0.0955946
0.128752	-0.0962118
0.128088	-0.0967921
0.127425	-0.097348
0.126761	-0.0978921
0.126099	-0.0984374
0.125436	-0.0989979
0.124774	-0.0995888
0.124113	-0.100228
0.123452	-0.100935
0.122793	-0.101727
0.122134	-0.102606
0.121476	-0.103559
0.120818	-0.104569
0.120162	-0.105624
0.119507	-0.106715
0.118853	-0.107833
0.1182	-0.10897
0.117548	-0.110119
0.116897	-0.111274
0.116247	-0.112429
0.115597	-0.113579
0.114946	-0.114717
0.114296	-0.115836
0.113646	-0.116929
0.112995	-0.117988
0.112345	-0.119004
0.111695	-0.119967
0.111044	-0.120876
0.110394	-0.121734
0.109743	-0.122545
0.109093	-0.123315
0.108443	-0.124044
0.107792	-0.124736
0.107142	-0.125392
0.106491	-0.126014
0.105841	-0.126601
0.105191	-0.127154
0.10454	-0.127675
0.10389	-0.128164
0.10324	-0.128619
0.102589	-0.129042
0.101939	-0.12943
0.101289	-0.129781
0.100639	-0.130094
0.0999885	-0.13037
0.0993383	-0.130613
0.0986881	-0.130829
0.0980379	-0.131024
0.0973877	-0.131203
0.0967376	-0.131371
0.0960875	-0.131531
0.0954374	-0.131688
0.0947873	-0.131846
0.0941373	-0.132011
0.0934873	-0.132187
0.0928373	-0.132379
0.0921873	-0.132593
0.0915373	-0.132836
0.0908874	-0.133115
0.0902375	-0.133438
0.0895876	-0.133816
0.0889377	-0.134252
0.0882879	-0.134741
0.087638	-0.135273
0.0869877	-0.135839
0.0863366	-0.136434
0.0856847	-0.137051
0.085032	-0.137684
0.0843784	-0.13833
0.0837241	-0.138982
0.083069	-0.139637
0.0824133	-0.140289
0.0817569	-0.140935
0.0810999	-0.141569
0.0804423	-0.142188
0.0797842	-0.142786
0.0791256	-0.143362
0.0784666	-0.143891
0.0778072	-0.144332
0.0771475	-0.144601
0.0764876	-0.145088
0.0758275	-0.145568
0.0751672	-0.145854
0.074507	-0.146202
0.0738467	-0.146472
0.0731865	-0.146735
0.0725262	-0.146972
0.071866	-0.147188
0.0712058	-0.147381
0.0705458	-0.147554
0.0698861	-0.147707
0.0692268	-0.147839
0.0685682	-0.147951
0.0679103	-0.148041
0.0672532	-0.148111
0.0665973	-0.148159
0.0659425	-0.148188
0.0652891	-0.148199
0.0646371	-0.148195
0.0639869	-0.148177
0.0633373	-0.148147
0.0626862	-0.148104
0.0620334	-0.148051
0.0613792	-0.147987
0.0607237	-0.147911
0.0600672	-0.147822
0.0594099	-0.14772
0.058752	-0.147602
0.0580938	-0.147465
0.0574355	-0.147303
0.0567773	-0.147107
0.0561194	-0.146869
0.0554622	-0.14659
0.0548059	-0.146293
0.0541506	-0.146008
0.0534968	-0.145774
0.0528446	-0.145608
0.0521941	-0.145539
0.0515452	-0.145616
0.0508964	-0.145845
0.0502476	-0.146257
0.0495987	-0.146898
0.0489494	-0.147802
0.0482992	-0.14902
0.0476467	-0.150612
0.0469915	-0.152654
0.0463338	-0.155242
0.045674	-0.158507
0.0450122	-0.162596
0.0443485	-0.167552
0.0436833	-0.173203
0.0430167	-0.17923
0.0423489	-0.185271
0.0416803	-0.190946
0.0410112	-0.195817
0.040342	-0.199464
0.0396731	-0.201725
0.0390051	-0.202847
0.0383384	-0.20325
0.0376734	-0.20335
0.0370107	-0.203577
0.0363506	-0.204329
0.0356936	-0.205901
0.0350401	-0.208337
0.0343902	-0.211418
0.0337407	-0.214882
0.0330893	-0.218488
0.0324364	-0.221995
0.0317825	-0.225149
0.0311277	-0.227746
0.0304727	-0.229719
0.0298177	-0.231139
0.0291631	-0.232084
0.0285096	-0.232633
0.027858	-0.232826
0.0272085	-0.232648
0.0265607	-0.232185
0.0259123	-0.231615
0.0252612	-0.231117
0.0246061	-0.230986
0.0239477	-0.2316
0.0232874	-0.233298
0.0226267	-0.236421
0.0219673	-0.240771
0.0213108	-0.245283
0.0206591	-0.248109
0.0200123	-0.247804
0.0193631	-0.244933
0.018712	-0.241851
0.0180603	-0.241465
0.0174099	-0.245244
0.0167617	-0.252251
0.0161158	-0.260943
0.0154701	-0.270061
0.0148233	-0.276157
0.0141734	-0.274208
0.0135219	-0.262151
0.0128712	-0.248779
0.0122225	-0.248992
0.0115767	-0.267182
0.0109292	-0.294511
0.0102778	-0.316049
0.00962725	-0.325188
0.00897975	-0.333992
0.00833528	-0.359645
0.00769377	-0.410961
0.00704949	-0.490375
0.00640172	-0.594357
0.00575176	-0.727902
0.00510683	-0.873229
0.0044849	-0.903959
0.00390112	-0.746623
0.00335623	-0.536417
0.00282447	-0.379109
0.00231644	-0.24271
0.0018414	-0.0775361
0.00141839	0.129844
0.0010569	0.364386
0.000757972	0.580417
0.000501431	0.745778
0.000272219	0.869103
0.00011773	0.959722
4.01504e-05	1.00624
0	1.00044
)
