
0.22344	-0.454803
0.223209	-0.439122
0.22294	-0.440396
0.222604	-0.442767
0.222182	-0.447083
0.221664	-0.451549
0.221066	-0.457057
0.220448	-0.462209
0.219822	-0.467234
0.219197	-0.471797
0.218564	-0.475882
0.217922	-0.479536
0.21728	-0.482453
0.216647	-0.484793
0.216016	-0.486813
0.215388	-0.488434
0.214755	-0.489839
0.214108	-0.491097
0.213457	-0.492252
0.212811	-0.493289
0.212178	-0.494196
0.211552	-0.494989
0.210922	-0.495676
0.210272	-0.496258
0.209611	-0.496714
0.208948	-0.49704
0.208294	-0.497268
0.207656	-0.497437
0.207027	-0.49758
0.206381	-0.497731
0.205719	-0.497913
0.20505	-0.498146
0.204384	-0.498434
0.203728	-0.498767
0.20309	-0.499129
0.202455	-0.499517
0.2018	-0.499944
0.201129	-0.500397
0.200455	-0.500865
0.199786	-0.501341
0.19913	-0.501819
0.19849	-0.502303
0.197842	-0.502812
0.197175	-0.503364
0.196498	-0.503954
0.19582	-0.504579
0.195151	-0.505231
0.194497	-0.505907
0.193856	-0.506609
0.193201	-0.50737
0.19253	-0.5082
0.191851	-0.509089
0.191174	-0.510024
0.190509	-0.510984
0.189859	-0.511954
0.189216	-0.512935
0.188557	-0.513964
0.187884	-0.515028
0.187207	-0.516105
0.186533	-0.517181
0.185872	-0.518239
0.185226	-0.51928
0.184586	-0.520324
0.183931	-0.521415
0.183262	-0.522557
0.182588	-0.52374
0.181919	-0.52495
0.181262	-0.52617
0.18062	-0.527396
0.179982	-0.528648
0.179329	-0.529977
0.178664	-0.531383
0.177995	-0.532852
0.17733	-0.534372
0.176678	-0.535918
0.176039	-0.537489
0.175402	-0.539111
0.174762	-0.540804
0.174107	-0.542603
0.173445	-0.544493
0.172786	-0.546453
0.172137	-0.54846
0.171499	-0.550507
0.170862	-0.552639
0.170225	-0.554851
0.169583	-0.55717
0.168931	-0.559621
0.168278	-0.562179
0.16763	-0.564822
0.166992	-0.56753
0.166351	-0.570361
0.165708	-0.573322
0.165066	-0.576396
0.164426	-0.579582
0.163779	-0.582938
0.163128	-0.586451
0.162478	-0.590103
0.161832	-0.59388
0.161193	-0.597766
0.160555	-0.601804
0.159916	-0.606009
0.159278	-0.610377
0.158628	-0.615005
0.157964	-0.619932
0.15729	-0.625132
0.15661	-0.630605
0.155927	-0.636328
0.155245	-0.642272
0.15457	-0.64841
0.153905	-0.654701
0.15325	-0.66112
0.152582	-0.667943
0.151892	-0.675262
0.151176	-0.683174
0.150445	-0.691589
0.149718	-0.700257
0.14899	-0.70928
0.148263	-0.718637
0.147542	-0.728245
0.14682	-0.738201
0.14609	-0.748603
0.145353	-0.759445
0.144603	-0.770792
0.143838	-0.782729
0.143045	-0.795488
0.142248	-0.808701
0.141468	-0.821947
0.140689	-0.83555
0.139903	-0.849635
0.139111	-0.864194
0.138312	-0.879242
0.137508	-0.894795
0.136696	-0.910866
0.135876	-0.927509
0.135031	-0.945119
0.134176	-0.963426
0.133329	-0.982014
0.132488	-1.00096
0.131643	-1.02044
0.130793	-1.04049
0.129938	-1.0611
0.129077	-1.08222
0.128211	-1.10383
0.127334	-1.12603
0.126441	-1.14898
0.125529	-1.17272
0.124633	-1.19618
0.123746	-1.21951
0.122856	-1.24303
0.121962	-1.26663
0.121066	-1.29031
0.120167	-1.31407
0.119268	-1.33789
0.118364	-1.36197
0.11746	-1.38614
0.116555	-1.41047
0.11565	-1.43506
0.114744	-1.45992
0.113837	-1.48513
0.11293	-1.51077
0.112023	-1.53694
0.111119	-1.56357
0.110212	-1.59093
0.109292	-1.61936
0.108382	-1.64786
0.107476	-1.67671
0.106572	-1.70584
0.105668	-1.73503
0.104765	-1.76465
0.103864	-1.79435
0.102965	-1.82393
0.102068	-1.85339
0.101158	-1.88302
0.100233	-1.91283
0.0993273	-1.94147
0.0984419	-1.96905
0.0975601	-1.99626
0.0966822	-2.0231
0.0958084	-2.04963
0.094939	-2.0759
0.094071	-2.10206
0.0931945	-2.12853
0.0923054	-2.15556
0.0914328	-2.18222
0.0905897	-2.2082
0.0897535	-2.23441
0.0889229	-2.26094
0.088098	-2.28777
0.0872789	-2.31482
0.0864656	-2.34201
0.0856539	-2.3694
0.0848376	-2.39721
0.0840085	-2.42574
0.0831985	-2.45371
0.0824132	-2.48091
0.0816388	-2.50785
0.0808717	-2.53458
0.0801114	-2.56107
0.0793577	-2.58728
0.0786109	-2.61315
0.077871	-2.63862
0.0771369	-2.6637
0.0763954	-2.68887
0.0756413	-2.71432
0.0748754	-2.74005
0.0741219	-2.76515
0.0733909	-2.78928
0.0726679	-2.81303
0.0719535	-2.83633
0.0712495	-2.85912
0.0705575	-2.88135
0.069879	-2.90297
0.0692154	-2.92392
0.0685608	-2.94437
0.0679105	-2.96446
0.0672567	-2.9844
0.066596	-3.00428
0.0659305	-3.02404
0.065262	-3.04371
0.0645914	-3.06331
0.0639202	-3.08287
0.0632498	-3.10242
0.0625816	-3.122
0.0619169	-3.14162
0.0612571	-3.16132
0.0606016	-3.18121
0.0599487	-3.20143
0.0592974	-3.22215
0.058647	-3.24356
0.057997	-3.26588
0.0573473	-3.2894
0.0566976	-3.31454
0.0560478	-3.34182
0.0553981	-3.37155
0.0547483	-3.40353
0.0540985	-3.43719
0.0534486	-3.47201
0.0527987	-3.50754
0.0521486	-3.54338
0.0514985	-3.57915
0.0508483	-3.61446
0.050198	-3.6489
0.0495476	-3.68206
0.0488969	-3.71354
0.0482461	-3.74292
0.0475951	-3.76971
0.046944	-3.79338
0.0462928	-3.81329
0.0456415	-3.82847
0.0449901	-3.83797
0.0443386	-3.84093
0.0436868	-3.83722
0.0430347	-3.82834
0.0423821	-3.81567
0.0417289	-3.80024
0.0410749	-3.78353
0.0404198	-3.76721
0.0397634	-3.7523
0.0391057	-3.73805
0.0384507	-3.72239
0.0378007	-3.70306
0.037152	-3.67788
0.0365012	-3.64416
0.0358422	-3.59811
0.0351775	-3.53824
0.0345109	-3.46716
0.0338462	-3.38968
0.0331875	-3.31045
0.0325391	-3.23339
0.0318967	-3.1616
0.0312538	-3.0979
0.0306126	-3.04351
0.0299727	-2.99588
0.0293277	-2.95098
0.0286766	-2.90587
0.0280237	-2.85822
0.0273744	-2.80537
0.0267343	-2.74496
0.0260977	-2.67606
0.0254603	-2.60053
0.0248247	-2.52153
0.0241883	-2.44097
0.0235469	-2.3603
0.0229059	-2.28216
0.0222768	-2.20945
0.0216514	-2.1417
0.0210196	-2.07743
0.020382	-2.01602
0.019738	-1.95634
0.0191014	-1.89668
0.0184828	-1.8328
0.0178621	-1.75808
0.0172359	-1.67402
0.0166042	-1.5916
0.0159763	-1.52642
0.0153631	-1.48697
0.0147515	-1.4628
0.0141332	-1.42473
0.0135153	-1.34292
0.0129082	-1.22991
0.012311	-1.14106
0.0117056	-1.10642
0.0110985	-1.0998
0.0104892	-1.07706
0.00989162	-1.01811
0.00930122	-0.932888
0.00871145	-0.852281
0.00811575	-0.803807
0.00752178	-0.788871
0.00692786	-0.777632
0.00633667	-0.744975
0.00574997	-0.703694
0.00516825	-0.688541
0.00458502	-0.70694
0.00400121	-0.741218
0.00342916	-0.768714
0.0028816	-0.756901
0.00236483	-0.661291
0.00189797	-0.461828
0.0014818	-0.212228
0.00110751	0.0195485
0.000766926	0.233358
0.000483488	0.458182
0.000287842	0.677371
0.000160157	0.844578
7.06891e-05	0.947181
0	1.00044

