


0.22344	-0.462672
0.223205	-0.335929
0.222934	-0.312463
0.2226	-0.274834
0.222182	-0.251718
0.221678	-0.221621
0.221095	-0.195721
0.22048	-0.172196
0.219843	-0.151892
0.219196	-0.133182
0.218539	-0.11549
0.217874	-0.0984638
0.217208	-0.0824673
0.216548	-0.0676507
0.215898	-0.0541097
0.215256	-0.0418114
0.214616	-0.0306122
0.213971	-0.0203641
0.213312	-0.0108241
0.212639	-0.00186184
0.211953	0.00659159
0.211261	0.0145257
0.210568	0.021979
0.209878	0.0290019
0.209195	0.0356056
0.208521	0.0417815
0.20786	0.0475121
0.20721	0.0528183
0.206557	0.057833
0.205889	0.0626492
0.205205	0.0672669
0.204514	0.0716201
0.203825	0.0756757
0.203134	0.0794908
0.202444	0.083081
0.201758	0.0864559
0.201078	0.0896295
0.200405	0.0926059
0.199744	0.0953822
0.199091	0.0979681
0.198442	0.100389
0.197794	0.10266
0.197145	0.10479
0.196495	0.106775
0.195846	0.108611
0.195196	0.110309
0.194542	0.111875
0.193886	0.113305
0.193228	0.114595
0.192567	0.115746
0.191904	0.116759
0.191238	0.117632
0.190568	0.118362
0.189895	0.118945
0.189219	0.11938
0.18854	0.119665
0.187858	0.119802
0.187173	0.119781
0.186484	0.119595
0.185793	0.119249
0.185099	0.118736
0.184403	0.118049
0.183704	0.117182
0.183002	0.116129
0.182299	0.114881
0.181595	0.113429
0.180888	0.11176
0.180181	0.109859
0.179473	0.107709
0.178764	0.105294
0.178055	0.102616
0.177347	0.0996964
0.176639	0.09656
0.175926	0.0931993
0.175199	0.0895807
0.174471	0.085789
0.173748	0.0818686
0.17303	0.0778364
0.172318	0.0737141
0.171613	0.0695194
0.170913	0.0652723
0.17022	0.0609915
0.169533	0.0566967
0.168853	0.0524101
0.16818	0.0481538
0.167513	0.0439471
0.166853	0.0398
0.1662	0.0357152
0.165551	0.03168
0.164903	0.027668
0.164255	0.0236838
0.163606	0.0197334
0.162958	0.0158217
0.162309	0.0119557
0.161661	0.00814287
0.161012	0.00439211
0.160364	0.000713166
0.159715	-0.00288264
0.159067	-0.00638291
0.158417	-0.00978037
0.157765	-0.0130578
0.157111	-0.01619
0.156455	-0.0191534
0.155799	-0.0219402
0.15514	-0.0245634
0.154481	-0.0270437
0.153821	-0.029399
0.153159	-0.0316443
0.152498	-0.0337934
0.151835	-0.0358592
0.151172	-0.0378545
0.150509	-0.039792
0.149845	-0.0416844
0.149182	-0.0435447
0.148519	-0.0453865
0.147855	-0.0472241
0.147193	-0.0490738
0.14653	-0.0509539
0.145868	-0.0528863
0.145208	-0.0548898
0.144547	-0.0569677
0.143888	-0.0591053
0.14323	-0.0612835
0.142574	-0.063486
0.141918	-0.0656993
0.141264	-0.0679111
0.140612	-0.0701102
0.139961	-0.0722852
0.139312	-0.0744262
0.138661	-0.0765329
0.138008	-0.0785943
0.137353	-0.0805964
0.136697	-0.0825244
0.13604	-0.0843613
0.135381	-0.086087
0.134721	-0.0876772
0.134059	-0.0891095
0.133398	-0.0903793
0.132735	-0.0915025
0.132072	-0.0925015
0.131408	-0.0933952
0.130744	-0.0941993
0.13008	-0.094928
0.129416	-0.0955946
0.128752	-0.0962118
0.128088	-0.0967921
0.127425	-0.097348
0.126761	-0.0978921
0.126099	-0.0984374
0.125436	-0.0989979
0.124774	-0.0995888
0.124113	-0.100228
0.123452	-0.100935
0.122793	-0.101727
0.122134	-0.102606
0.121476	-0.103559
0.120818	-0.104569
0.120162	-0.105624
0.119507	-0.106715
0.118853	-0.107833
0.1182	-0.10897
0.117548	-0.110119
0.116897	-0.111274
0.116247	-0.112429
0.115597	-0.113579
0.114946	-0.114717
0.114296	-0.115836
0.113646	-0.116929
0.112995	-0.117988
0.112345	-0.119004
0.111695	-0.119967
0.111044	-0.120876
0.110394	-0.121734
0.109743	-0.122545
0.109093	-0.123315
0.108443	-0.124044
0.107792	-0.124736
0.107142	-0.125392
0.106491	-0.126014
0.105841	-0.126601
0.105191	-0.127154
0.10454	-0.127675
0.10389	-0.128164
0.10324	-0.128619
0.102589	-0.129042
0.101939	-0.12943
0.101289	-0.129781
0.100639	-0.130094
0.0999885	-0.13037
0.0993383	-0.130613
0.0986881	-0.130829
0.0980379	-0.131024
0.0973877	-0.131203
0.0967376	-0.131371
0.0960875	-0.131531
0.0954374	-0.131688
0.0947873	-0.131846
0.0941373	-0.132011
0.0934873	-0.132187
0.0928373	-0.132379
0.0921873	-0.132593
0.0915373	-0.132836
0.0908874	-0.133115
0.0902375	-0.133438
0.0895876	-0.133816
0.0889377	-0.134252
0.0882879	-0.134741
0.087638	-0.135273
0.0869877	-0.135839
0.0863366	-0.136434
0.0856847	-0.137051
0.085032	-0.137684
0.0843784	-0.13833
0.0837241	-0.138982
0.083069	-0.139637
0.0824133	-0.140289
0.0817569	-0.140935
0.0810999	-0.141569
0.0804423	-0.142188
0.0797842	-0.142786
0.0791256	-0.143362
0.0784666	-0.143891
0.0778072	-0.144332
0.0771475	-0.144601
0.0764876	-0.145088
0.0758275	-0.145568
0.0751672	-0.145854
0.074507	-0.146202
0.0738467	-0.146472
0.0731865	-0.146735
0.0725262	-0.146972
0.071866	-0.147188
0.0712058	-0.147381
0.0705458	-0.147554
0.0698861	-0.147707
0.0692268	-0.147839
0.0685682	-0.147951
0.0679103	-0.148041
0.0672532	-0.148111
0.0665973	-0.148159
0.0659425	-0.148188
0.0652891	-0.148199
0.0646371	-0.148195
0.0639869	-0.148177
0.0633373	-0.148147
0.0626862	-0.148104
0.0620334	-0.148051
0.0613792	-0.147987
0.0607237	-0.147911
0.0600672	-0.147822
0.0594099	-0.14772
0.058752	-0.147602
0.0580938	-0.147465
0.0574355	-0.147303
0.0567773	-0.147107
0.0561194	-0.146869
0.0554622	-0.14659
0.0548059	-0.146293
0.0541506	-0.146008
0.0534968	-0.145774
0.0528446	-0.145608
0.0521941	-0.145539
0.0515452	-0.145616
0.0508964	-0.145845
0.0502476	-0.146257
0.0495987	-0.146898
0.0489494	-0.147802
0.0482992	-0.14902
0.0476467	-0.150612
0.0469915	-0.152654
0.0463338	-0.155242
0.045674	-0.158507
0.0450122	-0.162596
0.0443485	-0.167552
0.0436833	-0.173203
0.0430167	-0.17923
0.0423489	-0.185271
0.0416803	-0.190946
0.0410112	-0.195817
0.040342	-0.199464
0.0396731	-0.201725
0.0390051	-0.202847
0.0383384	-0.20325
0.0376734	-0.20335
0.0370107	-0.203577
0.0363506	-0.204329
0.0356936	-0.205901
0.0350401	-0.208337
0.0343902	-0.211418
0.0337407	-0.214882
0.0330893	-0.218488
0.0324364	-0.221995
0.0317825	-0.225149
0.0311277	-0.227746
0.0304727	-0.229719
0.0298177	-0.231139
0.0291631	-0.232084
0.0285096	-0.232633
0.027858	-0.232826
0.0272085	-0.232648
0.0265607	-0.232185
0.0259123	-0.231615
0.0252612	-0.231117
0.0246061	-0.230986
0.0239477	-0.2316
0.0232874	-0.233298
0.0226267	-0.236421
0.0219673	-0.240771
0.0213108	-0.245283
0.0206591	-0.248109
0.0200123	-0.247804
0.0193631	-0.244933
0.018712	-0.241851
0.0180603	-0.241465
0.0174099	-0.245244
0.0167617	-0.252251
0.0161158	-0.260943
0.0154701	-0.270061
0.0148233	-0.276157
0.0141734	-0.274208
0.0135219	-0.262151
0.0128712	-0.248779
0.0122225	-0.248992
0.0115767	-0.267182
0.0109292	-0.294511
0.0102778	-0.316049
0.00962725	-0.325188
0.00897975	-0.333992
0.00833528	-0.359645
0.00769377	-0.410961
0.00704949	-0.490375
0.00640172	-0.594357
0.00575176	-0.727902
0.00510683	-0.873229
0.0044849	-0.903959
0.00390112	-0.746623
0.00335623	-0.536417
0.00282447	-0.379109
0.00231644	-0.24271
0.0018414	-0.0775361
0.00141839	0.129844
0.0010569	0.364386
0.000757972	0.580417
0.000501431	0.745778
0.000272219	0.869103
0.00011773	0.959722
4.01504e-05	1.00624
0	1.00044

