
0.22344	-0.0477006
0.223203	0.0307527
0.222931	0.0450928
0.222596	0.068673
0.222175	0.0821328
0.221667	0.100045
0.22108	0.114917
0.220463	0.128296
0.219825	0.139642
0.219181	0.150069
0.218527	0.15997
0.217862	0.169624
0.217193	0.178783
0.216528	0.187322
0.215871	0.19516
0.215223	0.20227
0.214581	0.208676
0.213938	0.214456
0.213285	0.219791
0.212617	0.224787
0.211933	0.229503
0.211242	0.233931
0.210548	0.238091
0.209855	0.242016
0.209167	0.245709
0.208488	0.249161
0.207819	0.252359
0.207163	0.255308
0.206513	0.258031
0.205854	0.260603
0.205178	0.263053
0.204494	0.26535
0.203808	0.267482
0.203119	0.269474
0.202429	0.271336
0.201741	0.273075
0.201057	0.274699
0.200381	0.27621
0.199713	0.277606
0.199055	0.278888
0.198405	0.28006
0.197756	0.281134
0.197107	0.282118
0.196456	0.283011
0.195806	0.283809
0.195156	0.284511
0.194506	0.285119
0.193853	0.285637
0.193196	0.286062
0.192537	0.286392
0.191875	0.286625
0.19121	0.286761
0.190541	0.286803
0.189869	0.286732
0.189194	0.286553
0.188515	0.286272
0.187833	0.285877
0.187149	0.285368
0.186461	0.284742
0.18577	0.283994
0.185076	0.283121
0.18438	0.282117
0.183682	0.280977
0.182981	0.279693
0.182279	0.278259
0.181575	0.276667
0.18087	0.274907
0.180164	0.272967
0.179457	0.270832
0.17875	0.26849
0.178031	0.265902
0.177299	0.263065
0.176568	0.260055
0.175841	0.256897
0.175118	0.25361
0.174401	0.250212
0.173688	0.246721
0.172981	0.243149
0.172279	0.239512
0.171584	0.235825
0.170894	0.232102
0.170211	0.228359
0.169534	0.224611
0.168864	0.220874
0.1682	0.217165
0.167543	0.213499
0.166892	0.209883
0.166244	0.206295
0.165595	0.202725
0.164946	0.199177
0.164297	0.195653
0.163648	0.192159
0.162999	0.1887
0.162351	0.185281
0.161702	0.181909
0.161052	0.178589
0.160401	0.175321
0.159748	0.172118
0.159093	0.168989
0.158436	0.16595
0.157778	0.163018
0.157118	0.160214
0.156457	0.157556
0.155795	0.155052
0.155133	0.152689
0.154469	0.150452
0.153805	0.148324
0.15314	0.146294
0.152475	0.144349
0.15181	0.142478
0.151145	0.140671
0.15048	0.138918
0.149815	0.137208
0.14915	0.135529
0.148486	0.133871
0.147822	0.13222
0.147159	0.130565
0.146497	0.128887
0.145836	0.127171
0.145177	0.125401
0.144518	0.123575
0.143861	0.121706
0.143205	0.11981
0.14255	0.1179
0.141898	0.115986
0.141247	0.114079
0.140597	0.112185
0.139945	0.110306
0.139292	0.10845
0.138636	0.10663
0.137979	0.104854
0.137321	0.103136
0.136661	0.101488
0.136	0.0999249
0.135339	0.0984635
0.134676	0.0971241
0.134013	0.0959242
0.133349	0.0948658
0.132685	0.0939347
0.13202	0.0931121
0.131356	0.0923821
0.130691	0.0917316
0.130026	0.0911486
0.129362	0.0906218
0.128698	0.0901407
0.128035	0.0896948
0.127372	0.0892735
0.126709	0.0888661
0.126047	0.0884617
0.125386	0.0880484
0.124726	0.0876131
0.124067	0.087141
0.123408	0.0866153
0.122751	0.0860231
0.122094	0.0853642
0.121439	0.08465
0.120785	0.0838933
0.120132	0.0831044
0.11948	0.0822916
0.11883	0.0814623
0.11818	0.0806218
0.11753	0.0797752
0.116881	0.0789284
0.116231	0.0780868
0.115581	0.0772556
0.114932	0.0764404
0.114282	0.0756469
0.113633	0.0748811
0.112983	0.0741502
0.112333	0.0734619
0.111684	0.072823
0.111034	0.0722355
0.110384	0.0716961
0.109735	0.0712009
0.109085	0.0707467
0.108435	0.0703315
0.107786	0.0699535
0.107136	0.0696115
0.106486	0.0693046
0.105837	0.0690319
0.105187	0.0687932
0.104537	0.0685881
0.103887	0.0684168
0.103238	0.0682794
0.102588	0.0681769
0.101938	0.0681097
0.101289	0.0680782
0.100639	0.0680862
0.0999893	0.0681323
0.0993396	0.0682106
0.0986899	0.0683172
0.0980403	0.0684477
0.0973906	0.0685981
0.0967409	0.0687646
0.0960912	0.0689438
0.0954415	0.0691321
0.0947919	0.0693259
0.0941422	0.0695214
0.0934925	0.0697147
0.0928429	0.0699018
0.0921932	0.0700779
0.0915435	0.0702376
0.0908939	0.0703749
0.0902442	0.0704813
0.0895946	0.0705503
0.0889449	0.0705799
0.0882952	0.0705718
0.0876456	0.070535
0.0869959	0.0704785
0.0863463	0.070407
0.0856966	0.070326
0.0850469	0.0702401
0.0843968	0.0701534
0.083746	0.0700701
0.0830943	0.0699941
0.0824418	0.0699292
0.0817885	0.0698801
0.0811343	0.0698502
0.0804794	0.0698443
0.0798237	0.06987
0.0791674	0.0699302
0.0785105	0.0700349
0.077853	0.0701959
0.077195	0.0704883
0.0765366	0.070724
0.0758777	0.070943
0.0752185	0.0712606
0.074559	0.0715887
0.0738993	0.0719788
0.0732394	0.0723928
0.0725793	0.0728388
0.0719188	0.0733156
0.071258	0.0738227
0.0705971	0.0743594
0.0699362	0.0749257
0.0692754	0.0755211
0.0686148	0.076146
0.0679547	0.0768005
0.0672951	0.0774852
0.0666362	0.0782003
0.0659781	0.0789445
0.0653211	0.0797162
0.0646652	0.0805139
0.0640107	0.0813365
0.0633576	0.082183
0.0627062	0.0830528
0.0620564	0.0839456
0.0614055	0.084865
0.0607529	0.0858122
0.0600989	0.0867882
0.0594435	0.0877944
0.0587872	0.0888332
0.0581299	0.0899082
0.0574721	0.0910247
0.056814	0.0921907
0.0561557	0.0934142
0.0554975	0.0946942
0.0548397	0.0960134
0.0541825	0.0973453
0.0535262	0.0986632
0.052871	0.0999427
0.0522172	0.101161
0.051565	0.102296
0.0509146	0.103326
0.0502654	0.104226
0.0496162	0.104973
0.0489669	0.105529
0.0483176	0.105872
0.0476677	0.105948
0.0470167	0.105681
0.046363	0.105025
0.0457066	0.103873
0.0450477	0.102103
0.0443866	0.0996964
0.0437235	0.0967903
0.0430585	0.0936495
0.0423919	0.0905637
0.041724	0.0878572
0.041055	0.08583
0.0403855	0.0848023
0.0397157	0.0849851
0.0390462	0.0861328
0.0383774	0.0878642
0.0377098	0.0898764
0.0370439	0.0918391
0.03638	0.0934212
0.0357185	0.0944112
0.0350599	0.0947876
0.0344046	0.0946695
0.0337529	0.0943522
0.0331035	0.0940332
0.0324523	0.0938678
0.0317994	0.0941058
0.0311451	0.0948543
0.0304898	0.0961494
0.0298338	0.097973
0.0291776	0.100247
0.0285218	0.102922
0.027867	0.105968
0.0272143	0.109358
0.0265652	0.113039
0.0259178	0.116907
0.02527	0.120805
0.024618	0.12456
0.0239615	0.127953
0.0233019	0.130726
0.0226407	0.13264
0.0219795	0.133838
0.02132	0.135177
0.0206641	0.137978
0.0200139	0.143088
0.0193668	0.150203
0.0187165	0.157659
0.0180645	0.163432
0.0174123	0.166722
0.0167619	0.167989
0.0161151	0.168332
0.0154701	0.169104
0.0148252	0.172332
0.0141774	0.181222
0.0135276	0.19687
0.012877	0.215298
0.0122267	0.22548
0.0115774	0.222911
0.0109313	0.215208
0.0102821	0.212626
0.00963181	0.220221
0.00898292	0.231446
0.00833682	0.235746
0.00769493	0.229396
0.00705262	0.212232
0.00640724	0.183771
0.00575772	0.134486
0.00511104	0.0905496
0.0044871	0.124701
0.00390399	0.250404
0.00335872	0.394417
0.00282549	0.51115
0.00231779	0.615545
0.00184228	0.723581
0.00141841	0.830092
0.00105682	0.913607
0.000757893	0.964972
0.000501487	0.981947
0.000271996	0.951477
0.00011755	0.877077
4.00335e-05	0.756157
0	0.579929

