
0.22344	-0.0548637
0.22321	-0.044168
0.222945	-0.0438683
0.222617	-0.0427182
0.222206	-0.0446481
0.221699	-0.0470509
0.221106	-0.0515217
0.220491	-0.0565717
0.219869	-0.0622877
0.219244	-0.0678157
0.218617	-0.0732667
0.217978	-0.0786494
0.217336	-0.0832043
0.2167	-0.0875398
0.216069	-0.0920217
0.215443	-0.0965322
0.214816	-0.101512
0.214176	-0.107037
0.213527	-0.113131
0.212879	-0.119507
0.212242	-0.125939
0.211612	-0.132259
0.210986	-0.138327
0.210342	-0.14414
0.209685	-0.149507
0.209023	-0.154355
0.208366	-0.158769
0.207723	-0.162847
0.207092	-0.166777
0.206456	-0.170837
0.205802	-0.175285
0.205136	-0.180171
0.204469	-0.185409
0.203811	-0.190836
0.203169	-0.19627
0.202542	-0.201644
0.201897	-0.207171
0.201234	-0.212769
0.200561	-0.21829
0.19989	-0.223653
0.19923	-0.228806
0.198586	-0.233715
0.197951	-0.238465
0.197294	-0.243315
0.196623	-0.248202
0.195946	-0.253055
0.195273	-0.257822
0.194614	-0.262448
0.19397	-0.266914
0.193329	-0.271334
0.192668	-0.275891
0.191993	-0.280523
0.191316	-0.285176
0.190645	-0.289804
0.189989	-0.294366
0.189347	-0.298859
0.188703	-0.303409
0.188039	-0.308135
0.187366	-0.312956
0.186691	-0.317806
0.186024	-0.322618
0.185372	-0.327336
0.184732	-0.331969
0.18409	-0.336621
0.183429	-0.34142
0.182759	-0.346292
0.182088	-0.35117
0.181425	-0.355985
0.180777	-0.360689
0.180138	-0.365312
0.179499	-0.369917
0.178843	-0.374647
0.178179	-0.379423
0.177513	-0.384189
0.176854	-0.388881
0.176209	-0.393447
0.175571	-0.397939
0.174938	-0.40236
0.174293	-0.406829
0.173636	-0.411339
0.172977	-0.415821
0.172323	-0.420211
0.17168	-0.424457
0.171042	-0.428611
0.170406	-0.432679
0.169771	-0.436664
0.169126	-0.440623
0.168475	-0.444522
0.167826	-0.448294
0.167185	-0.451886
0.166546	-0.455349
0.165907	-0.45872
0.165265	-0.46202
0.164626	-0.465228
0.163986	-0.468384
0.163338	-0.47153
0.162688	-0.474653
0.162039	-0.477743
0.161395	-0.480791
0.160755	-0.483813
0.160118	-0.486823
0.159481	-0.489848
0.158843	-0.492901
0.158191	-0.496067
0.157527	-0.499363
0.156852	-0.5028
0.156171	-0.506384
0.155488	-0.510094
0.154807	-0.51389
0.154134	-0.517729
0.153471	-0.521563
0.152813	-0.525407
0.152142	-0.529363
0.151448	-0.533481
0.15073	-0.537756
0.150007	-0.542055
0.149282	-0.546349
0.148554	-0.550642
0.147828	-0.554883
0.147107	-0.559029
0.146382	-0.563115
0.14565	-0.567134
0.14491	-0.571059
0.144162	-0.574886
0.143393	-0.578696
0.142597	-0.58256
0.141773	-0.586501
0.140965	-0.590304
0.140183	-0.593941
0.139395	-0.597606
0.138602	-0.601318
0.137801	-0.605091
0.136995	-0.608955
0.136183	-0.612931
0.135356	-0.617107
0.134512	-0.62156
0.133669	-0.626208
0.132831	-0.631038
0.131991	-0.636044
0.131146	-0.641206
0.130295	-0.646485
0.129439	-0.651846
0.128578	-0.657257
0.127711	-0.662683
0.126832	-0.668122
0.125937	-0.67357
0.125037	-0.678892
0.124153	-0.683885
0.123267	-0.6886
0.122377	-0.692998
0.121485	-0.697085
0.120589	-0.70093
0.119692	-0.704596
0.118796	-0.708128
0.117901	-0.711577
0.117004	-0.715002
0.116102	-0.718463
0.115199	-0.721998
0.114295	-0.72566
0.113391	-0.729515
0.112486	-0.733648
0.111581	-0.738131
0.110683	-0.742948
0.109777	-0.748114
0.108854	-0.75365
0.107924	-0.759435
0.107017	-0.765266
0.106115	-0.770719
0.105214	-0.776504
0.104315	-0.782477
0.103417	-0.788043
0.102521	-0.793606
0.101624	-0.79887
0.100716	-0.803917
0.0998034	-0.808632
0.0989149	-0.812883
0.0980337	-0.816853
0.0971562	-0.820645
0.0962827	-0.824304
0.0954134	-0.827881
0.0945486	-0.831421
0.0936846	-0.83498
0.092814	-0.838649
0.0919341	-0.842496
0.0910821	-0.846374
0.0902452	-0.850407
0.0894137	-0.854707
0.0885879	-0.859288
0.0877677	-0.864126
0.0869533	-0.869181
0.0861448	-0.874414
0.0853421	-0.879793
0.0845328	-0.885401
0.0837142	-0.89125
0.0829075	-0.897153
0.0821182	-0.903049
0.0813468	-0.908916
0.0805845	-0.914809
0.0798289	-0.920732
0.07908	-0.926665
0.0783379	-0.932591
0.0776029	-0.938495
0.076872	-0.944403
0.0761356	-0.950407
0.0753893	-0.956568
0.0746343	-0.962889
0.0738947	-0.969149
0.0731686	-0.975378
0.0724482	-0.981662
0.0717356	-0.987981
0.0710325	-0.994321
0.0703407	-1.00067
0.0696617	-1.007
0.0689962	-1.01332
0.0683408	-1.01964
0.0676927	-1.02598
0.067045	-1.03242
0.0663921	-1.03901
0.0657336	-1.04581
0.065071	-1.05283
0.0644056	-1.06009
0.0637387	-1.06764
0.0630719	-1.07549
0.0624065	-1.08368
0.0617438	-1.09223
0.061085	-1.10118
0.0604289	-1.1106
0.0597747	-1.12055
0.0591212	-1.13114
0.0584683	-1.14244
0.0578161	-1.15456
0.0571647	-1.16764
0.0565143	-1.18184
0.055865	-1.19737
0.0552167	-1.21431
0.0545688	-1.23257
0.0539208	-1.25196
0.0532727	-1.27233
0.0526246	-1.2935
0.0519764	-1.31533
0.0513281	-1.33769
0.0506797	-1.36043
0.0500312	-1.38343
0.0493826	-1.40652
0.0487339	-1.42954
0.0480851	-1.45231
0.0474363	-1.47461
0.0467874	-1.49618
0.0461383	-1.51672
0.0454891	-1.53581
0.0448397	-1.55298
0.0441902	-1.56798
0.0435404	-1.58099
0.0428904	-1.5925
0.0422399	-1.60303
0.041589	-1.61314
0.0409374	-1.62348
0.0402849	-1.63476
0.0396314	-1.64725
0.0389771	-1.66043
0.0383263	-1.67319
0.0376788	-1.6843
0.0370289	-1.69284
0.0363742	-1.69738
0.035713	-1.69594
0.0350484	-1.68825
0.0343844	-1.67579
0.0337248	-1.6605
0.0330738	-1.64442
0.0324324	-1.62937
0.0317907	-1.61716
0.0311508	-1.60938
0.0305111	-1.60624
0.0298692	-1.6067
0.0292212	-1.60881
0.0285692	-1.61095
0.0279183	-1.61154
0.027274	-1.60851
0.0266394	-1.60055
0.026002	-1.58736
0.0253684	-1.57004
0.0247348	-1.55003
0.0240977	-1.52858
0.0234569	-1.50687
0.0228214	-1.48639
0.0221974	-1.46829
0.0215731	-1.45263
0.0209404	-1.43904
0.0203009	-1.42718
0.0196595	-1.41614
0.0190295	-1.40366
0.0184149	-1.38611
0.0177935	-1.36009
0.0171655	-1.32792
0.0165348	-1.29766
0.0159131	-1.28066
0.0153032	-1.28198
0.0146921	-1.29208
0.0140734	-1.28811
0.0134567	-1.24905
0.0128556	-1.18503
0.0122586	-1.14453
0.0116549	-1.15151
0.0110491	-1.17736
0.0104426	-1.18671
0.00984832	-1.16265
0.00925973	-1.11728
0.00867047	-1.07989
0.00807654	-1.07488
0.00748567	-1.10145
0.00689364	-1.13084
0.00630436	-1.14345
0.00571974	-1.16092
0.00514074	-1.21431
0.00456005	-1.30746
0.0039798	-1.42416
0.00341134	-1.54689
0.00286561	-1.63994
0.00235152	-1.63156
0.00188797	-1.47649
0.00147316	-1.23345
0.00110069	-1.00062
0.000761609	-0.779677
0.000480478	-0.498671
0.000286527	-0.150796
0.000159554	0.165243
7.04751e-05	0.387314
0	0.579929
